1.000000000 0.865457790 0.869432506 0.850515389 0.802664757 0.815940024 0.840181054 0.866474318 0.829075039 0.803213379 0.850771484 0.858568841 0.868098588 0.812116096 0.785839060 0.825812493 0.846057585 0.857039982 0.876649250 0.841642514 0.790161497 0.813891328 0.803248843 0.829781005 0.791257292 0.846295971 0.816752158 0.858825142 0.855698973 0.811613547 0.847696217 0.836131286 0.866926830 0.791212418 0.845907734 0.803780565 0.816357864 0.836087606 0.851597919
0.865457790 1.000000000 0.839999792 0.839319698 0.822275142 0.818019633 0.884813527 0.850443927 0.872301941 0.837677399 0.900885656 0.866519190 0.879433813 0.857523711 0.795817046 0.846909250 0.831919393 0.868225802 0.913336058 0.843260408 0.819594634 0.822537294 0.826926409 0.837787618 0.792013765 0.878024023 0.817797344 0.831277182 0.858100858 0.822912282 0.867749375 0.866141674 0.899056283 0.838438600 0.827758421 0.848892692 0.864724319 0.871872360 0.839538055
0.869432506 0.839999792 1.000000000 0.859490415 0.819630201 0.819461783 0.844088964 0.876518318 0.842186850 0.805951322 0.847895016 0.849570598 0.832569901 0.809127046 0.780991109 0.814803285 0.788555399 0.812139517 0.842047848 0.839436853 0.794973173 0.798576507 0.807156054 0.819306918 0.773147532 0.848926149 0.804840139 0.876637226 0.818287008 0.798210400 0.841743709 0.846675760 0.830908935 0.804198131 0.788246275 0.822611728 0.828559292 0.839404697 0.858121115
0.850515389 0.839319698 0.859490415 1.000000000 0.827487840 0.801767014 0.879514895 0.851643898 0.861139434 0.804305649 0.850254943 0.870118443 0.829288428 0.808646970 0.769449208 0.816484928 0.780963354 0.806011397 0.838322357 0.876614087 0.794159627 0.801844678 0.820463381 0.821324401 0.760840832 0.858047456 0.800128871 0.858360052 0.813056627 0.801295744 0.860710387 0.832377722 0.827852017 0.807153656 0.781020245 0.816971390 0.823502089 0.838325423 0.844903340
0.802664757 0.822275142 0.819630201 0.827487840 1.000000000 0.834962063 0.823263952 0.811448957 0.820629660 0.942283935 0.838113671 0.846758178 0.800243936 0.799821290 0.822417135 0.784248155 0.782544606 0.782587089 0.814072726 0.807399786 0.939137604 0.785062499 0.939466380 0.845846553 0.805412541 0.845023336 0.841577213 0.826008694 0.802736205 0.783801484 0.838925192 0.826546564 0.802845327 0.792034956 0.782105397 0.800431608 0.862943369 0.828849124 0.842139825
0.815940024 0.818019633 0.819461783 0.801767014 0.834962063 1.000000000 0.810678878 0.836148927 0.805645001 0.826387028 0.830518708 0.844245405 0.798242224 0.802212284 0.954641688 0.785947778 0.820899275 0.784568684 0.827191049 0.788602897 0.822277624 0.800296033 0.823010189 0.865505263 0.935639182 0.831518573 0.919620697 0.821262348 0.867321055 0.799871052 0.831142330 0.848898955 0.827468211 0.805217057 0.817329973 0.803210219 0.847258689 0.820047928 0.819505390
0.840181054 0.884813527 0.844088964 0.879514895 0.823263952 0.810678878 1.000000000 0.843603209 0.897266257 0.831067386 0.884227959 0.867666642 0.833701766 0.840376350 0.779340809 0.818539123 0.774978863 0.810595531 0.860525760 0.859277802 0.815815918 0.819505702 0.832905390 0.830941609 0.768088462 0.879647260 0.814436968 0.849031032 0.818385012 0.819789829 0.894699995 0.873409496 0.870293274 0.845011176 0.774445350 0.862976453 0.870495518 0.862245708 0.859198892
0.866474318 0.850443927 0.876518318 0.851643898 0.811448957 0.836148927 0.843603209 1.000000000 0.846422063 0.808247695 0.860204318 0.857563016 0.838686790 0.823199098 0.809911050 0.821154456 0.837659938 0.823313857 0.855970406 0.837482537 0.802854240 0.828110314 0.810935842 0.845920633 0.820224167 0.858750300 0.832545532 0.856392069 0.867403066 0.828036363 0.847811635 0.858243094 0.854033391 0.815831729 0.837356766 0.832464199 0.835788645 0.854059318 0.845307805
0.829075039 0.872301941 0.842186850 0.861139434 0.820629660 0.805645001 0.897266257 0.846422063 1.000000000 0.822968906 0.865320081 0.860082391 0.834753489 0.845200152 0.775100949 0.814331087 0.771543956 0.801276122 0.855655395 0.843951806 0.813383588 0.810240153 0.837217303 0.839610509 0.765605349 0.874633367 0.814054456 0.848855638 0.811089086 0.808823885 0.870009191 0.877531515 0.845704750 0.860734987 0.770725848 0.871010144 0.869592069 0.921888450 0.847830013
0.803213379 0.837677399 0.805951322 0.804305649 0.942283935 0.826387028 0.831067386 0.808247695 0.822968906 1.000000000 0.836691972 0.847541233 0.823912481 0.829648590 0.803662585 0.807126465 0.764497366 0.806739597 0.820305943 0.794688834 0.961482973 0.792081224 0.941907527 0.855122030 0.791593082 0.844078550 0.838779413 0.818699861 0.794307295 0.791238059 0.842671771 0.848628657 0.807983911 0.818923655 0.764156507 0.819502513 0.876000207 0.840254964 0.839431025
0.850771484 0.900885656 0.847895016 0.850254943 0.838113671 0.830518708 0.884227959 0.860204318 0.865320081 0.836691972 1.000000000 0.878536626 0.854229121 0.858301881 0.810120501 0.841804786 0.819141117 0.849263808 0.895990559 0.843857508 0.820704682 0.815849218 0.828527601 0.851280000 0.808743248 0.868402966 0.847333092 0.849452606 0.861418906 0.816427520 0.858571034 0.856695258 0.871192490 0.838224341 0.820339495 0.841107638 0.859576774 0.878644054 0.854311210
0.858568841 0.866519190 0.849570598 0.870118443 0.846758178 0.844245405 0.867666642 0.857563016 0.860082391 0.847541233 0.878536626 1.000000000 0.837725503 0.832586318 0.819646862 0.822206459 0.805467063 0.823058811 0.857895080 0.838939249 0.839842201 0.838905046 0.842997177 0.842514940 0.810594475 0.884573250 0.835555877 0.860862123 0.845662073 0.834298192 0.889828676 0.857105048 0.854193984 0.827705133 0.807390346 0.834912039 0.865086402 0.851391034 0.868639090
0.868098588 0.879433813 0.832569901 0.829288428 0.800243936 0.798242224 0.833701766 0.838686790 0.834753489 0.823912481 0.854229121 0.837725503 1.000000000 0.861562236 0.790823536 0.922481800 0.830514765 0.925352306 0.885492435 0.857261333 0.823935744 0.821467436 0.823760467 0.817718041 0.777886385 0.863358686 0.802858948 0.844928602 0.836037207 0.821320782 0.831191099 0.838363696 0.891600071 0.799968735 0.835823069 0.804302394 0.836469368 0.858450119 0.847283002
0.812116096 0.857523711 0.809127046 0.808646970 0.799821290 0.802212284 0.840376350 0.823199098 0.845200152 0.829648590 0.858301881 0.832586318 0.861562236 1.000000000 0.789155980 0.904905330 0.773412560 0.896791748 0.844496741 0.838496557 0.814521330 0.808783137 0.816604220 0.825859277 0.774956627 0.852797226 0.819995360 0.815499854 0.806628705 0.810765157 0.833936433 0.872302810 0.847131533 0.932830795 0.772342322 0.908042564 0.896977409 0.870257350 0.846681474
0.785839060 0.795817046 0.780991109 0.769449208 0.822417135 0.954641688 0.779340809 0.809911050 0.775100949 0.803662585 0.810120501 0.819646862 0.790823536 0.789155980 1.000000000 0.776412412 0.856734652 0.782513596 0.803464225 0.769231183 0.810970568 0.777351171 0.804900433 0.846229084 0.976611737 0.817951722 0.910557179 0.794377908 0.888065615 0.777023374 0.798570656 0.808382435 0.828773706 0.771474384 0.854437262 0.769375596 0.829771238 0.808180074 0.789678618
0.825812493 0.846909250 0.814803285 0.816484928 0.784248155 0.785947778 0.818539123 0.821154456 0.814331087 0.807126465 0.841804786 0.822206459 0.922481800 0.904905330 0.776412412 1.000000000 0.773270945 0.952041852 0.844016968 0.878422892 0.804036068 0.814964182 0.805963943 0.801325778 0.757365990 0.835270769 0.794703380 0.827335474 0.798655202 0.816710822 0.817124430 0.830460396 0.845309161 0.809545968 0.775605258 0.807155703 0.832989992 0.855174111 0.829829308
0.846057585 0.831919393 0.788555399 0.780963354 0.782544606 0.820899275 0.774978863 0.837659938 0.771543956 0.764497366 0.819141117 0.805467063 0.830514765 0.773412560 0.856734652 0.773270945 1.000000000 0.819220354 0.834497429 0.780873795 0.765233438 0.773949302 0.770682545 0.810092605 0.883426411 0.806355317 0.803983440 0.782766115 0.920290286 0.774347917 0.784871320 0.783698616 0.856830041 0.747342250 0.990958505 0.748353963 0.782619449 0.812797148 0.787548779
0.857039982 0.868225802 0.812139517 0.806011397 0.782587089 0.784568684 0.810595531 0.823313857 0.801276122 0.806739597 0.849263808 0.823058811 0.925352306 0.896791748 0.782513596 0.952041852 0.819220354 1.000000000 0.877055511 0.866929487 0.802080337 0.808792281 0.803575965 0.801918626 0.771706442 0.831727187 0.798830861 0.830178908 0.829540017 0.810668194 0.810262283 0.822300882 0.873278907 0.801474471 0.819800272 0.799484302 0.828508132 0.838236491 0.822171655
0.876649250 0.913336058 0.842047848 0.838322357 0.814072726 0.827191049 0.860525760 0.855970406 0.855655395 0.820305943 0.895990559 0.857895080 0.885492435 0.844496741 0.803464225 0.844016968 0.834497429 0.877055511 1.000000000 0.838763951 0.815854334 0.828887070 0.816847434 0.832569133 0.795620944 0.868114967 0.830492911 0.822904600 0.856321815 0.828720779 0.850875442 0.853241895 0.909632625 0.821685783 0.833147804 0.826912246 0.846735928 0.873797077 0.853265159
0.841642514 0.843260408 0.839436853 0.876614087 0.807399786 0.788602897 0.859277802 0.837482537 0.843951806 0.794688834 0.843857508 0.838939249 0.857261333 0.838496557 0.769231183 0.878422892 0.780873795 0.866929487 0.838763951 1.000000000 0.796704764 0.805611156 0.827947919 0.802571080 0.759846574 0.836427053 0.790695215 0.842987149 0.816613504 0.805729327 0.843886976 0.816631187 0.835891905 0.777616553 0.781770827 0.789139578 0.808400554 0.849705065 0.853709269
0.790161497 0.819594634 0.794973173 0.794159627 0.939137604 0.822277624 0.815815918 0.802854240 0.813383588 0.961482973 0.820704682 0.839842201 0.823935744 0.814521330 0.810970568 0.804036068 0.765233438 0.802080337 0.815854334 0.796704764 1.000000000 0.809908085 0.956104752 0.852050685 0.794351062 0.843621822 0.842941493 0.805529896 0.792180086 0.808842790 0.828253895 0.835966106 0.815394444 0.793302354 0.766563279 0.803137442 0.870716619 0.824025266 0.834025272
0.813891328 0.822537294 0.798576507 0.801844678 0.785062499 0.800296033 0.819505702 0.828110314 0.810240153 0.792081224 0.815849218 0.838905046 0.821467436 0.808783137 0.777351171 0.814964182 0.773949302 0.808792281 0.828887070 0.805611156 0.809908085 1.000000000 0.811141950 0.834981185 0.764920368 0.837204951 0.828505759 0.783613422 0.805710311 0.995906145 0.831696062 0.824937480 0.855380312 0.788872440 0.775209368 0.804673639 0.819428393 0.820365394 0.827503210
0.803248843 0.826926409 0.807156054 0.820463381 0.939466380 0.823010189 0.832905390 0.810935842 0.837217303 0.941907527 0.828527601 0.842997177 0.823760467 0.816604220 0.804900433 0.805963943 0.770682545 0.803575965 0.816847434 0.827947919 0.956104752 0.811141950 1.000000000 0.844153711 0.789632577 0.839654366 0.835337190 0.816016822 0.795853870 0.809304806 0.851789091 0.837628408 0.818121794 0.795626680 0.769860588 0.806127774 0.866523805 0.834003313 0.839658558
0.829781005 0.837787618 0.819306918 0.821324401 0.845846553 0.865505263 0.830941609 0.845920633 0.839610509 0.855122030 0.851280000 0.842514940 0.817718041 0.825859277 0.846229084 0.801325778 0.810092605 0.801918626 0.832569133 0.802571080 0.852050685 0.834981185 0.844153711 1.000000000 0.845931872 0.853166717 0.944583503 0.831853095 0.846321516 0.832620207 0.848585293 0.862799665 0.832729106 0.827582026 0.808923906 0.830412446 0.858300862 0.851692143 0.830776887
0.791257292 0.792013765 0.773147532 0.760840832 0.805412541 0.935639182 0.768088462 0.820224167 0.765605349 0.791593082 0.808743248 0.810594475 0.777886385 0.774956627 0.976611737 0.757365990 0.883426411 0.771706442 0.795620944 0.759846574 0.794351062 0.764920368 0.789632577 0.845931872 1.000000000 0.802391260 0.905798955 0.786593557 0.917021548 0.765098131 0.790245016 0.796913271 0.817056538 0.761488178 0.882053146 0.758403647 0.806808487 0.802774909 0.774975334
0.846295971 0.878024023 0.848926149 0.858047456 0.845023336 0.831518573 0.879647260 0.858750300 0.874633367 0.844078550 0.868402966 0.884573250 0.863358686 0.852797226 0.817951722 0.835270769 0.806355317 0.831727187 0.868114967 0.836427053 0.843621822 0.837204951 0.839654366 0.853166717 0.802391260 1.000000000 0.838502523 0.858672800 0.842930714 0.831553197 0.886439092 0.876023826 0.855637086 0.848821679 0.806084018 0.868584164 0.893822315 0.860611722 0.863085092
0.816752158 0.817797344 0.804840139 0.800128871 0.841577213 0.919620697 0.814436968 0.832545532 0.814054456 0.838779413 0.847333092 0.835555877 0.802858948 0.819995360 0.910557179 0.794703380 0.803983440 0.798830861 0.830492911 0.790695215 0.842941493 0.828505759 0.835337190 0.944583503 0.905798955 0.838502523 1.000000000 0.818276213 0.854688149 0.827886949 0.837022660 0.845327362 0.836155312 0.811353513 0.801283201 0.812379158 0.850054860 0.831050151 0.820098303
0.858825142 0.831277182 0.876637226 0.858360052 0.826008694 0.821262348 0.849031032 0.856392069 0.848855638 0.818699861 0.849452606 0.860862123 0.844928602 0.815499854 0.794377908 0.827335474 0.782766115 0.830178908 0.822904600 0.842987149 0.805529896 0.783613422 0.816016822 0.831853095 0.786593557 0.858672800 0.818276213 1.000000000 0.820996965 0.782933425 0.840715323 0.843924674 0.820045334 0.812901430 0.782943044 0.826946478 0.832870056 0.829404320 0.843948407
0.855698973 0.858100858 0.818287008 0.813056627 0.802736205 0.867321055 0.818385012 0.867403066 0.811089086 0.794307295 0.861418906 0.845662073 0.836037207 0.806628705 0.888065615 0.798655202 0.920290286 0.829540017 0.856321815 0.816613504 0.792180086 0.805710311 0.795853870 0.846321516 0.917021548 0.842930714 0.854688149 0.820996965 1.000000000 0.806565029 0.821121121 0.826543558 0.880297457 0.790206779 0.917563359 0.788142615 0.821146130 0.844537090 0.822179982
0.811613547 0.822912282 0.798210400 0.801295744 0.783801484 0.799871052 0.819789829 0.828036363 0.808823885 0.791238059 0.816427520 0.834298192 0.821320782 0.810765157 0.777023374 0.816710822 0.774347917 0.810668194 0.828720779 0.805729327 0.808842790 0.995906145 0.809304806 0.832620207 0.765098131 0.831553197 0.827886949 0.782933425 0.806565029 1.000000000 0.826097090 0.824630805 0.857338400 0.790834115 0.775549428 0.803238046 0.817753603 0.821115254 0.824265867
0.847696217 0.867749375 0.841743709 0.860710387 0.838925192 0.831142330 0.894699995 0.847811635 0.870009191 0.842671771 0.858571034 0.889828676 0.831191099 0.833936433 0.798570656 0.817124430 0.784871320 0.810262283 0.850875442 0.843886976 0.828253895 0.831696062 0.851789091 0.848585293 0.790245016 0.886439092 0.837022660 0.840715323 0.821121121 0.826097090 1.000000000 0.867663437 0.842228836 0.838922110 0.784511774 0.852290335 0.879057836 0.849688912 0.849832991
0.836131286 0.866141674 0.846675760 0.832377722 0.826546564 0.848898955 0.873409496 0.858243094 0.877531515 0.848628657 0.856695258 0.857105048 0.838363696 0.872302810 0.808382435 0.830460396 0.783698616 0.822300882 0.853241895 0.816631187 0.835966106 0.824937480 0.837628408 0.862799665 0.796913271 0.876023826 0.845327362 0.843924674 0.826543558 0.824630805 0.867663437 1.000000000 0.853949334 0.905778641 0.780220265 0.901143674 0.915722765 0.874606909 0.852914132
0.866926830 0.899056283 0.830908935 0.827852017 0.802845327 0.827468211 0.870293274 0.854033391 0.845704750 0.807983911 0.871192490 0.854193984 0.891600071 0.847131533 0.828773706 0.845309161 0.856830041 0.873278907 0.909632625 0.835891905 0.815394444 0.855380312 0.818121794 0.832729106 0.817056538 0.855637086 0.836155312 0.820045334 0.880297457 0.857338400 0.842228836 0.853949334 1.000000000 0.811689555 0.858952025 0.820085348 0.843694405 0.875920157 0.850851588
0.791212418 0.838438600 0.804198131 0.807153656 0.792034956 0.805217057 0.845011176 0.815831729 0.860734987 0.818923655 0.838224341 0.827705133 0.799968735 0.932830795 0.771474384 0.809545968 0.747342250 0.801474471 0.821685783 0.777616553 0.793302354 0.788872440 0.795626680 0.827582026 0.761488178 0.848821679 0.811353513 0.812901430 0.790206779 0.790834115 0.838922110 0.905778641 0.811689555 1.000000000 0.743796305 0.977606893 0.912834149 0.852123686 0.810834608
0.845907734 0.827758421 0.788246275 0.781020245 0.782105397 0.817329973 0.774445350 0.837356766 0.770725848 0.764156507 0.820339495 0.807390346 0.835823069 0.772342322 0.854437262 0.775605258 0.990958505 0.819800272 0.833147804 0.781770827 0.766563279 0.775209368 0.769860588 0.808923906 0.882053146 0.806084018 0.801283201 0.782943044 0.917563359 0.775549428 0.784511774 0.780220265 0.858952025 0.743796305 1.000000000 0.746236675 0.779235376 0.812759116 0.785629043
0.803780565 0.848892692 0.822611728 0.816971390 0.800431608 0.803210219 0.862976453 0.832464199 0.871010144 0.819502513 0.841107638 0.834912039 0.804302394 0.908042564 0.769375596 0.807155703 0.748353963 0.799484302 0.826912246 0.789139578 0.803137442 0.804673639 0.806127774 0.830412446 0.758403647 0.868584164 0.812379158 0.826946478 0.788142615 0.803238046 0.852290335 0.901143674 0.820085348 0.977606893 0.746236675 1.000000000 0.904723920 0.853741106 0.813802059
0.816357864 0.864724319 0.828559292 0.823502089 0.862943369 0.847258689 0.870495518 0.835788645 0.869592069 0.876000207 0.859576774 0.865086402 0.836469368 0.896977409 0.829771238 0.832989992 0.782619449 0.828508132 0.846735928 0.808400554 0.870716619 0.819428393 0.866523805 0.858300862 0.806808487 0.893822315 0.850054860 0.832870056 0.821146130 0.817753603 0.879057836 0.915722765 0.843694405 0.912834149 0.779235376 0.904723920 1.000000000 0.864427714 0.845066773
0.836087606 0.871872360 0.839404697 0.838325423 0.828849124 0.820047928 0.862245708 0.854059318 0.921888450 0.840254964 0.878644054 0.851391034 0.858450119 0.870257350 0.808180074 0.855174111 0.812797148 0.838236491 0.873797077 0.849705065 0.824025266 0.820365394 0.834003313 0.851692143 0.802774909 0.860611722 0.831050151 0.829404320 0.844537090 0.821115254 0.849688912 0.874606909 0.875920157 0.852123686 0.812759116 0.853741106 0.864427714 1.000000000 0.854517356
0.851597919 0.839538055 0.858121115 0.844903340 0.842139825 0.819505390 0.859198892 0.845307805 0.847830013 0.839431025 0.854311210 0.868639090 0.847283002 0.846681474 0.789678618 0.829829308 0.787548779 0.822171655 0.853265159 0.853709269 0.834025272 0.827503210 0.839658558 0.830776887 0.774975334 0.863085092 0.820098303 0.843948407 0.822179982 0.824265867 0.849832991 0.852914132 0.850851588 0.810834608 0.785629043 0.813802059 0.845066773 0.854517356 1.000000000
